5835
2379
44
2380
45
111
80
881
18
50
5555
51
53
22
4567
631
56
32921
6010
6011
6012
6013
30
31
18080
33
1
8770
514
2
4
6021
5
37
7
40
41
42
6378
3306
3306
61736
3306
60978
2379
49413
6378
4
3306
4
5
3306
3306
6378
4
19279
12586
6378
5
41
3306
3306
47172
62304
32258
3306
2379
62027
3306
44027
3306
41
4
6378
3306
5
3306
3306
41
35614
3306
41
3306
3306
3306
22
3306
5
3306
48467
3306
6378
17558
41
3306
57540
3306
47358
3306
3306
34837
4
5
4
18974
5
3306
39049
16010
6378
57094
13481
3306
5
6378
22328
12562
5
3306
22
41
1
49415
3306
34764
3306
2379
42591
48871
41
15429
3306
3306
3306
5
3306
3306
45994
2
6378
3306
41
3306
3306
6378
5
39079
41
41357
5
3306
3306
3306
6378
5
3306
3306
3306
41
22
3306
21652
3306
17121
59033
25023
57154
22
13838
4
3306
3306
3306
43018
5
6378
42140
25749
33997
5
29609
3306
4
43012
22
6378
19295
3306
3306
44426
42899
3306
3306
3306
57424
3306
2
44837
3306
57020
47186
44352
3306
4
5555
5
6378
3306
3306
2
24539
3306
51
3306
24321
3306
33403
37
2
3306
4
34677
3306
22
5
3306
3306
5
6378
3306
12600
6378
2
32038
44756
5
4
6378
6378
3306
22
5
6378
14160
3306
62105
2379
3306
3306
4
62528
6378
43972
51
3306
39039
5
20133
3306
38775
3306
44872
3306
29682
23565
3306
3306
3306
5
25290
3306
3306
3306
3306
3306
3306
3306
41
6378
3306
4
32668
3306
41
62003
3306
3306
3306
6378
3306
3306
23973
22
3306
3306
3306
3306
3306
3306
3306
6378
4
6378
3306
3306
3306
3306
6378
6378
45142
3306
48495
3306
43862
6378
6378
3306
14372
6378
5
42146
3306
55341
3306
6378
3306
3306
3306
39315
44654
32256
41
4
3306
3306
3306
3306
2
3306
3306
31203
19255
3306
43249
28665
3306
57322
6378
4
41
3306
3306
3306
3306
11659
3306
6378
3306
27247
13689
3306
3306
45195
41963
3306
28669
5
3306
6378
2379
3306
6378
3306
3306
3306
5
3306
3306
49036
3306
62141
25155
3306
4
6378
6378
3306
4
2379
60640
25823
3306
23866
45992
3306
3306
3306
57913
45990
3306
41
24045
6378
3306
40293
3306
3306
3306
3306
9200
52
9300
55
25253
25003
9092
9092
43928
24953
9092
25443
8443
24905
11993
55112
24851
25000
25337
25307
52404
49631
9300
17991
31224
52382
44276
53736
9092
24865
49645
52392
9092
49579
49222
9300
24359
9092
44028
9092
44232
9300
27625
52368
9092
43906
12455
44068
52406
25491
52362
24357
25041
12447
55248
27621
58506
9092
24973
44564
9300
49601
37687
9092
9092
42592
25407
58504
9092
24339
25227
30845
9092
25355
11999
25175
8443
25000
25473
32482
44230
20949
43448
32492
24849
44268
25485
50840
9092
9092
25193
25353
46528
52388
25187
49629
9092
24349
24839
25217
46532
9092
24341
57
9092
29919
25277
25477
24957
49116
12445
9092
24955
24877
25283
25411
27617
24989
25241
20953
52358
25023
41835
9300
25459
52384
9092
24255
44370
49581
24889
41159
9300
49639
443
9092
52360
55096
9092
9092
25409
8443
62427
49649
24343
9092
47727
44461
49557
49569
25461
25301
43914
25417
25199
39872
49595
25207
9092
52370
2181
49611
25423
24901
25251
49661
32488
25009
25421
9092
25233
9092
24251
9300
9092
44264
25011
25245
9092
52408
24893
30841
31226
24977
24975
24961
9092
24965
24969
41155
57
25015
52354
44050
25483
12461
43940
25181
20945
52344
57
49573
9300
53652
9092
37683
25469
43918
49635
50835
25415
44070
33333
25269
44338
32039
57
24997
11995
44465
9092
25297
25465
24253
49633
25391
25479
25017
12459
25285
43920
44269
25000
52390
49589
49619
49561
32480
24881
9092
24951
49643
44080
25463
25237
50839
9300
44270
49591
62937
23021
49659
25341
53772
24847
24863
47735
47731
25021
57
8443
52366
9092
25211
49577
25239
43843
25405
25427
9092
24999
25425
9092
9092
24853
9092
43890
44459
24903
52348
25309
25878
53654
24963
52386
24861
44372
8443
24347
9092
32032
55088
24843
9092
52402
52372
9092
9092
25183
9092
52350
9092
25197
30839
9092
25293
14677
2181
9092
25191
49583
9092
53776
44014
49603
9300
44048
9092
25319
52400
12453
9092
53762
12465
25403
9300
25189
49585
9300
24337
49607
25471
44256
43942
25343
49554
9092
9092
9092
25295
25299
25347
9092
24351
9092
52346
49112
25349
44260
32484
24911
55106
32034
25185
25419
25000
43916
57
9092
17999
24909
49559
25475
49114
24827
55104
37681
24891
55080
44254
49637
52356
25195
9092
44457
9300
49617
9300
50837
57
9092
25339
9092
44026
9092
24345
43892
9092
25287
37679
9092
17993
9092
12443
9092
25335
9092
27619
24887
25002
49657
52380
53760
34381
52394
57
24837
25880
9092
9092
52376
24983
61103
43912
9092
25235
9092
12463
52378
9300
49653
24971
24897
25371
44040
49621
25013
24895
24841
25289
44030
9092
49565
9092
9092
9092
32490
25005
52396
9300
14919
25305
52364
25401
53774
27776
25313
24899
8443
25291
24927
9092
9092
43924
9092
52374
25329
24845
9092
25205
25000
46328
24259
44258
21264
9300
24857
9300
25243
30837
9092
9092
49641
9092
15206
49665
25481
9300
49563
49599
47729
9300
9092
44444
9092
9092
25201
43910
9300
14923
43936
24871
9092
9300
25019
49651
9092
17995
25345
52352
12451
9092
9092
43938
44262
9092
24947
55084
25007
14921
49663
55268
12457
49567
25431
58532
25249
9300
41163
49553
24859
9092
9092
49575
25303
9092
25229
9092
24353
25467
49655
25413
12449
25203
24335
24959
9092
43922
49647
44266
9300
34379
20947
52398
41157
57
25331
34383
9092
9300
24355
9092
44084
11991
53764
25247
41327
9092
25231
9300
26110
14927
34387
34041
9092
25351
24907
25333
24855
44081
25397
24967
12467
